{
 "cells": [
  {
   "cell_type": "code",
   "execution_count": 1,
   "metadata": {},
   "outputs": [
    {
     "name": "stdout",
     "output_type": "stream",
     "text": [
      "a)\n",
      "MTM:\n",
      " [[  39.   57.   60.]\n",
      " [  57.  118.   53.]\n",
      " [  60.   53.  127.]]\n",
      "MMT:\n",
      " [[  10.    9.   26.    3.   26.]\n",
      " [   9.   62.    8.   -5.   85.]\n",
      " [  26.    8.   72.   10.   50.]\n",
      " [   3.   -5.   10.    2.   -1.]\n",
      " [  26.   85.   50.   -1.  138.]]\n",
      "\n",
      "\n",
      "b)\n",
      "eigvalueA:\n",
      " [  2.14670489e+02  -1.50990331e-14   6.93295108e+01]\n",
      "eigvalueB:\n",
      " [  2.14670489e+02  -5.99520433e-15   6.93295108e+01   1.23720729e-14\n",
      "  -7.24621456e-16]\n",
      "\n",
      "\n",
      "c)\n",
      "eigvectorA:\n",
      " [[ 0.42615127  0.90453403 -0.01460404]\n",
      " [ 0.61500884 -0.30151134 -0.72859799]\n",
      " [ 0.66344497 -0.30151134  0.68478587]]\n",
      "eigvectorB:\n",
      " [[-0.16492942 -0.95539856  0.24497323 -0.06464508 -0.10671808]\n",
      " [-0.47164732 -0.03481209 -0.45330644  0.75010839 -0.04684757]\n",
      " [-0.33647055  0.27076072  0.82943965  0.3284142  -0.17364364]\n",
      " [-0.00330585  0.04409532  0.16974659  0.04591676  0.97063121]\n",
      " [-0.79820031  0.10366268 -0.13310656 -0.5685017   0.11890961]]\n",
      "\n",
      "\n",
      "d)\n",
      "U:\n",
      " [[-0.16492942 -0.24497323  0.94690858  0.02817617 -0.12392196]\n",
      " [-0.47164732  0.45330644 -0.06559072  0.10010213 -0.74681959]\n",
      " [-0.33647055 -0.82943965 -0.30585475 -0.15523825 -0.28490595]\n",
      " [-0.00330585 -0.16974659 -0.0689086   0.98238169  0.03678296]\n",
      " [-0.79820031  0.13310656 -0.02768538 -0.00360121  0.58683853]]\n",
      "S:\n",
      " [[  1.46516378e+01   0.00000000e+00   0.00000000e+00]\n",
      " [  0.00000000e+00   8.32643446e+00   0.00000000e+00]\n",
      " [  0.00000000e+00   0.00000000e+00   1.68573193e-15]]\n",
      "V:\n",
      " [[-0.42615127 -0.61500884 -0.66344497]\n",
      " [ 0.01460404  0.72859799 -0.68478587]\n",
      " [-0.90453403  0.30151134  0.30151134]]\n",
      "\n",
      "\n",
      "e)\n",
      "Rank 1 approximation:\n",
      " 8.32643445923\n"
     ]
    }
   ],
   "source": [
    "import numpy as np\n",
    "M = [[1,0,3],[3,7,2],[2,-2,8],[0,-1,1],[5,8,7]]\n",
    "M = np.array(M, dtype = float)\n",
    "\n",
    "# a)\n",
    "print (\"a)\")\n",
    "MTM = np.dot(np.transpose(M),M)\n",
    "MMT = np.dot(M,np.transpose(M))\n",
    "\n",
    "print (\"MTM:\\n\",MTM)\n",
    "print (\"MMT:\\n\",MMT)\n",
    "print (\"\\n\")\n",
    "\n",
    "eigvalueA, eigvectorA = np.linalg.eig(MTM)\n",
    "eigvalueB, eigvectorB = np.linalg.eig(MMT)\n",
    "\n",
    "# b)\n",
    "print (\"b)\")\n",
    "print (\"eigvalueA:\\n\",eigvalueA)\n",
    "print (\"eigvalueB:\\n\",eigvalueB)\n",
    "print (\"\\n\")\n",
    "\n",
    "# c)\n",
    "print (\"c)\")\n",
    "print (\"eigvectorA:\\n\",eigvectorA)\n",
    "print (\"eigvectorB:\\n\",eigvectorB)\n",
    "print (\"\\n\")\n",
    "\n",
    "# d)\n",
    "print (\"d)\")\n",
    "u,s,v = np.linalg.svd(M)\n",
    "s =np.diag(s)\n",
    "print (\"U:\\n\",u)\n",
    "print (\"S:\\n\",s)\n",
    "print (\"V:\\n\",v)\n",
    "print (\"\\n\")\n",
    "\n",
    "# e)\n",
    "print (\"e)\")\n",
    "def rankRApprox(matrix,r):\n",
    "    u,s,v = np.linalg.svd(matrix)\n",
    "    s =np.diag(s)\n",
    "    approx_data=np.dot(np.dot(u[:,:r],s[:r,:r]),v[:r,:])\n",
    "    return (np.linalg.norm(matrix - approx_data))\n",
    "\n",
    "print (\"Rank 1 approximation:\\n\",rankRApprox(M,1))\n",
    "# ranks=[rankRApprox(i) for i in range(1,201)]\n",
    "# plt.plot(range(1,201),ranks)\n",
    "# plt.show()"
   ]
  }
 ],
 "metadata": {
  "kernelspec": {
   "display_name": "Python 3",
   "language": "python",
   "name": "python3"
  },
  "language_info": {
   "codemirror_mode": {
    "name": "ipython",
    "version": 3
   },
   "file_extension": ".py",
   "mimetype": "text/x-python",
   "name": "python",
   "nbconvert_exporter": "python",
   "pygments_lexer": "ipython3",
   "version": "3.6.1"
  }
 },
 "nbformat": 4,
 "nbformat_minor": 2
}
